NbSNP_LR	NbSNP_MR
228	371
228	610
308	928
308	1040
145	1185
145	1089
65	971
65	1100
291	1241
318	1336
318	1103
318	830
88	745
61	730
61	688
61	745
118	580
624	389
697	449
1310	392
1192	456
686	686
613	749
NA	593
NA	547
NA	475
NA	696
NA	1226
238	1291
609	1402
990	1032
990	517
752	470
381	532
NA	722
132	916
406	894
406	901
397	902
1396	714
1189	694
1189	347
1180	505
454	535
797	516
836	634
873	512
715	655
305	601
484	521
706	323
632	129
892	189
1187	225
1306	179
1783	189
1698	237
1185	438
846	909
321	1204
816	1131
954	954
978	477
943	196
273	202
135	486
72	605
108	712
594	697
1324	295
1574	216
1466	208
1035	397
514	592
390	1040
390	1537
1111	1318
1040	1155
1479	844
1479	611
1311	732
1297	794
1783	629
2063	520
1455	483
1607	392
1180	516
1076	346
1247	258
2291	252
2048	205
2227	239
2398	296
1078	433
1636	353
1547	332
2651	275
3853	138
3393	183
4332	62
3866	66
3668	157
3827	95
3182	153
2264	446
1289	396
850	677
405	992
738	926
709	958
597	794
648	537
253	421
367	486
340	618
174	860
280	862
463	857
884	701
1022	499
916	894
796	998
561	1088
1026	1028
1381	956
1453	815
1222	708
718	725
592	354
777	355
878	367
1272	272
1378	346
1030	421
914	366
518	410
336	410
563	266
1233	385
1344	388
1820	273
1802	328
1407	245
2195	195
2416	241
2228	236
2998	221
2139	365
1371	387
1343	309
298	500
255	432
794	515
1685	550
1812	462
1922	484
1474	309
813	450
884	419
757	438
584	546
275	423
77	418
146	531
146	445
871	466
1318	370
1172	508
1207	699
835	686
661	798
1543	416
1769	327
1489	661
1322	641
1049	679
788	557
831	216
781	128
269	223
322	300
206	627
898	598
1682	481
2815	401
3102	198
2576	262
1744	475
558	502
373	472
359	582
1215	352
1921	474
2573	350
2514	292
1609	367
903	284
725	296
1009	219
1188	245
1188	231
712	299
927	352
1434	342
1434	380
1518	279
1206	350
671	309
671	299
560	511
706	594
555	586
625	620
552	549
277	320
374	302
748	242
1006	490
901	583
1040	806
1023	913
1107	796
1242	1066
1678	916
1398	927
1916	668
2010	556
2464	550
2615	593
1755	764
1587	666
461	714
563	737
1240	688
1126	644
1617	673
1390	486
891	393
842	267
351	99
NA	45
NA	0
NA	0
NA	0
NA	0
NA	0
NA	0
NA	0
NA	0
NA	0
NA	0
NA	0
NA	0
NA	0
NA	0
NA	0
NA	0
NA	0
NA	0
NA	0
NA	0
NA	0
NA	0
NA	0
NA	0
NA	0
NA	0
NA	0
NA	0
NA	0
NA	0
NA	0
NA	0
NA	0
NA	0
NA	0
NA	0
NA	0
NA	0
NA	0
NA	0
NA	0
NA	0
NA	0
NA	0
NA	0
NA	0
NA	0
NA	9
NA	9
NA	25
205	97
125	88
125	88
NA	72
NA	0
NA	0
NA	32
1336	50
1752	93
1887	180
1734	284
1077	417
776	419
974	374
935	305
855	232
1321	221
1471	192
1319	169
1482	236
901	398
696	536
642	603
868	672
958	523
720	514
1075	488
779	417
989	440
1347	470
838	643
698	633
673	608
362	484
362	324
362	606
190	764
191	835
191	892
428	514
1062	773
1369	835
1600	1158
1443	1370
972	990
1133	916
1203	533
1123	374
1341	467
1036	409
735	605
735	604
373	611
836	568
2318	293
3589	222
3467	191
3101	350
2769	340
1583	403
1583	414
1641	453
1566	515
2397	583
2922	437
2979	413
2185	667
2405	777
1923	925
1926	771
1653	524
1223	309
1766	363
1443	529
1501	612
1000	661
448	629
305	531
811	417
606	517
1036	372
1244	422
1313	432
1392	243
1555	202
1484	101
843	104
764	115
1533	119
1964	198
2112	146
2136	192
1745	218
1177	191
1792	264
2252	403
1247	388
1448	407
1449	329
1174	216
2268	279
2557	187
1918	231
1709	186
854	270
606	306
556	489
1178	467
1036	495
1155	808
1351	634
1241	625
1144	628
851	491
580	980
68	1186
68	1300
173	1196
173	654
173	501
359	230
253	129
344	463
344	746
331	736
264	998
791	752
791	928
805	915
1275	873
1407	832
1923	443
2617	617
2147	491
1477	690
1097	685
406	584
942	519
903	474
767	651
693	781
415	848
696	708
985	612
1223	421
1054	335
828	362
908	219
641	236
639	350
651	315
638	377
756	534
696	516
588	463
470	358
1521	191
1772	102
2070	149
1873	370
2384	540
2150	626
2243	615
2276	438
682	560
952	452
561	491
487	459
556	389
242	544
242	734
242	996
81	757
115	735
162	898
162	908
619	1032
985	900
1133	745
1240	669
753	834
353	1062
236	958
129	838
78	620
78	438
78	540
78	683
78	879
145	1002
67	798
67	738
67	486
275	363
275	480
452	525
498	846
223	1194
223	1259
248	1153
228	931
491	695
491	512
289	386
263	372
NA	189
423	457
68	552
68	1222
224	1368
186	1428
186	1496
297	960
402	900
428	983
428	1298
327	1637
66	1699
181	1681
203	1841
227	1572
312	1361
677	1120
655	558
621	953
536	1280
339	1417
559	1333
559	1366
559	1313
220	1440
NA	1932
NA	1448
NA	1289
NA	1166
109	1058
109	1442
146	1652
146	1658
NA	1308
346	1029
309	751
309	588
309	706
NA	473
NA	745
82	983
165	791
165	838
165	673
240	449
157	694
277	1014
277	1022
220	978
929	741
890	610
1680	501
1631	466
922	550
954	235
164	753
347	851
347	1251
234	1706
526	1459
1400	1380
1871	919
3262	534
3762	219
2654	306
2183	660
1451	632
1458	629
2353	490
2421	389
1762	382
1125	409
1232	447
3014	133
3020	92
NA	38
NA	0
NA	0
NA	0
NA	0
NA	0
NA	0
NA	3
NA	14
1587	76
2051	144
1900	190
1121	585
999	587
535	519
535	470
535	64
NA	0
81	115
81	117
81	174
NA	542
NA	525
147	608
249	551
249	183
346	171
203	161
101	256
101	488
NA	486
NA	876
NA	996
NA	952
NA	1330
NA	1011
432	827
994	712
1787	554
2211	476
1779	476
1912	489
1685	287
1489	370
1950	411
1406	543
840	475
612	364
544	303
459	165
459	170
932	153
1796	146
1793	140
2051	144
1578	204
321	245
427	392
741	584
741	538
1475	558
2026	384
1570	203
2113	209
1379	386
659	634
543	939
244	1175
455	1202
632	1170
1317	811
2086	567
2909	308
3169	116
3879	128
3168	146
2246	237
1977	342
665	638
423	677
311	711
289	1047
358	810
298	1291
298	1241
153	803
84	977
713	688
953	647
1146	929
1158	888
855	627
1835	631
1880	640
2684	665
2604	792
1556	766
1542	479
1079	469
1263	347
1180	379
1827	399
1492	227
1443	408
1533	437
1028	589
927	660
636	574
1074	553
1807	322
2199	215
2747	145
2271	401
1278	602
1635	597
2249	613
2331	610
3111	411
2566	494
1741	574
1556	395
1096	454
1023	571
1931	456
2040	622
2037	545
2015	560
680	726
1276	459
1491	456
2135	235
3084	56
2591	158
2442	277
2017	420
1263	609
1013	571
907	500
579	636
384	602
384	586
149	684
550	501
1320	420
1546	396
2277	289
1876	594
1106	549
1044	551
248	703
359	408
534	509
370	511
775	468
664	504
1439	412
2422	373
1933	487
1933	472
1396	654
452	769
452	675
682	609
269	742
263	1110
552	1050
360	1455
700	1197
667	806
378	864
473	573
209	601
209	836
209	852
239	1034
332	1255
399	1291
490	1458
327	1275
158	1023
91	1006
NA	943
NA	1150
NA	1351
NA	1068
NA	909
94	749
184	620
184	772
184	972
90	1006
NA	979
NA	877
NA	550
NA	295
NA	137
401	509
401	831
296	1710
206	1744
NA	1747
NA	1448
339	701
435	1209
435	1267
413	1365
230	1284
134	925
155	1095
155	1207
NA	1019
NA	990
95	560
325	502
325	797
325	1113
459	1474
256	1710
378	1519
811	1090
1349	825
1843	357
2757	270
2776	250
2009	160
2488	136
1772	210
1582	171
1582	489
850	531
624	748
362	890
362	1053
333	1413
330	1413
450	1676
450	1297
211	938
193	650
112	243
315	429
369	624
296	1050
276	1174
335	910
570	715
667	583
864	497
755	483
1749	446
1736	159
2021	72
2440	119
1157	159
1418	158
2351	158
2680	242
2680	608
3152	628
2080	656
1250	753
1351	575
653	637
391	723
834	890
795	957
1075	965
975	939
461	524
828	276
780	203
1261	115
1261	166
832	185
557	286
76	484
76	469
76	522
416	592
1145	428
1656	405
1779	597
1363	1078
634	1214
279	1304
819	1033
1707	340
2290	160
2732	50
NA	4
NA	2
NA	2
NA	0
NA	0
NA	0
NA	0
NA	0
NA	0
NA	0
NA	0
NA	0
NA	0
NA	0
NA	0
NA	2
NA	48
6376	115
3361	151
2000	149
2006	189
2083	179
2785	162
2491	179
1784	189
1170	377
749	426
705	537
964	572
1076	341
1104	410
1243	471
1095	344
1197	347
949	322
1196	181
1318	201
1612	184
1713	138
1285	164
1577	212
1004	301
660	470
631	630
NA	733
NA	702
NA	525
690	291
1053	279
1909	307
2929	260
2579	302
2640	403
2440	459
1549	620
1255	966
1324	1007
1297	1053
2324	890
2597	630
2274	381
1645	636
525	876
303	988
133	1467
247	1427
165	1384
522	1275
522	794
721	475
843	412
435	444
669	525
536	474
772	331
1033	274
1077	305
897	299
877	359
685	451
500	451
550	474
212	456
233	282
1487	191
3002	209
4198	280
5374	317
4805	263
3240	239
2518	159
1252	279
474	501
657	666
202	866
495	1171
631	942
448	843
429	958
136	540
187	699
187	692
219	542
270	648
145	813
145	718
113	555
62	491
NA	291
304	341
878	452
1105	403
1916	278
1726	264
1344	121
1187	99
584	215
622	203
667	276
597	322
1354	252
1892	257
1655	204
1679	180
808	455
205	518
449	656
1026	625
932	580
1191	573
1009	537
501	682
501	518
254	569
192	546
331	678
331	936
857	1012
922	1187
690	1314
991	1005
600	857
770	730
877	563
847	665
895	951
660	833
672	738
401	801
119	653
119	972
NA	1062
648	927
1020	908
1083	914
1632	932
1148	1217
776	1386
713	1136
309	876
145	955
395	697
658	735
553	1085
955	782
837	1073
574	1441
534	1376
284	1552
152	1420
152	1293
233	1155
263	1274
263	1215
263	829
182	662
NA	202
708	424
445	510
318	638
284	1205
126	1565
383	1484
621	1469
515	1058
539	1433
354	1659
117	1579
292	1719
270	988
198	796
177	1016
158	764
271	848
271	882
675	695
1737	668
1681	1004
1681	909
1361	908
143	1433
268	1312
337	1367
883	1207
1387	738
1282	378
1508	244
878	368
533	411
498	381
605	419
668	485
509	460
465	793
63	1067
57	911
945	908
1710	881
1718	663
2012	583
1124	632
465	429
457	442
143	502
167	744
109	645
413	641
477	802
1505	471
1457	776
1483	787
2012	610
1384	728
1651	694
1321	708
1122	723
698	668
1183	411
1207	408
1117	329
1634	284
1183	267
1863	87
2359	86
NA	5
NA	1
NA	0
NA	0
NA	0
NA	0
NA	0
NA	0
NA	12
1912	143
2014	277
1286	314
1519	371
1050	328
941	329
1443	368
1210	388
1270	369
992	408
749	409
923	324
1075	360
1618	218
1546	299
1942	432
1853	405
1483	899
1242	837
672	776
1357	747
1362	449
1756	353
2185	296
1602	303
1347	328
1151	560
832	782
804	758
896	686
460	542
474	440
543	411
696	328
867	406
1044	472
1113	519
1181	622
1357	704
1143	568
808	532
1258	393
1132	159
2065	111
2075	122
1416	204
2004	243
984	397
982	425
817	442
148	422
274	266
815	281
815	391
817	525
691	582
349	657
468	450
326	514
790	498
864	518
881	847
1252	695
788	727
685	801
1319	442
1102	452
1196	431
1862	219
1988	192
1903	147
2100	181
1383	235
561	370
1512	369
1620	457
1689	494
1684	544
757	763
519	631
512	547
1404	464
1446	270
1654	274
1908	242
1050	143
1184	119
866	202
648	244
1147	234
1884	190
NA	44
NA	6
NA	16
NA	16
NA	14
NA	34
3862	82
2899	82
1965	174
1383	222
1404	257
886	296
1259	256
1284	207
863	244
1020	268
1222	343
903	677
1080	784
1238	1114
663	1018
566	780
450	862
613	522
797	736
822	912
761	713
322	701
357	478
560	310
762	228
1209	292
990	295
688	373
510	515
408	465
496	498
668	582
961	470
577	688
606	893
733	839
602	1146
974	1060
1908	823
1643	746
1699	469
1461	388
639	499
1067	434
1207	379
2142	273
2182	142
2130	423
2650	380
2535	380
2266	578
2021	360
1119	700
165	845
203	755
74	1045
75	1057
563	1018
618	1193
582	989
581	843
358	758
265	600
265	516
605	357
653	353
1363	266
1626	204
1286	209
973	220
592	205
912	128
1197	147
1197	532
868	911
285	1265
NA	1414
190	1460
190	1542
190	1333
190	1513
NA	1538
NA	1367
NA	1468
NA	1753
NA	1535
NA	1853
94	2007
347	1447
454	1318
521	794
427	375
174	250
67	113
NA	0
NA	0
NA	0
NA	0
NA	0
NA	0
NA	0
NA	0
NA	0
NA	0
NA	0
NA	0
NA	0
NA	0
NA	0
NA	0
NA	0
NA	0
NA	0
NA	0
NA	0
NA	0
NA	0
NA	0
NA	0
NA	0
NA	0
NA	0
NA	0
NA	0
NA	0
NA	0
NA	0
NA	0
NA	0
NA	0
NA	0
602	167
1156	168
1587	234
2461	408
2077	415
1523	666
1153	1089
279	1478
61	1582
140	1542
79	1384
750	1023
825	1220
746	1201
1560	1040
889	968
854	983
854	1256
NA	1182
195	1454
155	1050
155	803
155	1082
NA	1000
138	1171
138	1034
138	969
1149	812
1011	846
1106	1064
1150	937
139	917
967	635
933	678
1086	532
1122	411
554	458
663	329
767	304
967	749
707	768
652	617
351	941
569	541
830	466
1060	423
1416	194
962	324
1023	575
1271	655
975	1082
1185	1045
1093	796
500	887
956	484
746	517
516	801
516	736
519	677
856	711
1681	493
2084	543
2257	491
2034	402
1275	579
1140	600
843	582
980	495
914	476
1147	464
827	505
995	466
3085	240
3239	60
NA	17
NA	5
NA	7
NA	4
NA	39
2482	61
1305	160
953	257
1009	233
1302	303
1407	379
2380	298
2217	293
1797	291
2332	133
1237	140
1905	160
2016	202
1376	183
1473	197
764	251
511	208
725	440
745	460
812	380
1188	395
974	200
908	247
483	553
107	594
237	775
186	740
130	709
918	742
987	773
987	955
1110	859
377	924
394	970
394	782
330	749
392	673
1297	547
1449	528
1721	625
1641	672
989	639
1867	593
1609	535
1572	344
1143	338
193	703
214	611
214	596
1438	616
1646	328
1752	299
1964	339
969	308
681	267
543	218
1369	181
1699	62
NA	28
NA	18
1180	51
1963	88
2138	265
1748	367
1778	496
595	618
682	735
775	727
554	584
445	572
183	362
90	441
90	756
NA	837
234	812
969	639
1152	393
1134	328
1046	276
311	1061
128	1206
354	1044
278	1178
562	470
604	439
378	961
326	1138
NA	1146
321	1039
512	624
512	759
579	1145
258	1315
67	1480
67	1441
NA	1080
NA	1273
263	1270
471	1247
504	1551
504	1374
241	1381
NA	1399
NA	1385
67	1476
78	1474
78	1269
103	1410
160	1185
188	1276
376	1101
365	795
241	637
202	271
NA	240
NA	0
NA	0
NA	0
NA	0
NA	0
NA	0
NA	0
NA	0
NA	0
NA	0
NA	0
NA	0
NA	0
NA	0
NA	0
NA	0
NA	0
NA	0
NA	0
NA	0
NA	0
NA	0
NA	0
NA	0
NA	0
NA	0
NA	0
NA	0
NA	0
NA	0
NA	0
NA	0
NA	0
NA	0
NA	0
NA	0
NA	0
NA	54
NA	506
NA	782
305	990
458	1099
526	858
501	695
221	734
68	590
NA	633
NA	795
202	754
216	779
675	1052
912	820
723	661
709	691
368	317
607	604
607	735
648	792
627	742
151	516
414	374
373	320
318	408
350	605
87	1156
87	1762
NA	2114
484	1911
688	1507
1433	903
1541	609
1057	621
1162	447
575	379
467	186
467	157
932	155
848	229
1223	242
1833	229
1137	222
1208	233
1190	401
645	419
567	441
550	498
318	358
631	278
1299	318
1853	165
1849	140
1598	256
1135	294
535	582
779	575
704	616
619	666
976	434
611	375
687	627
618	577
179	828
632	988
540	585
996	710
1064	508
837	381
801	748
504	641
436	997
210	1043
210	813
NA	817
52	533
285	667
285	736
512	672
869	539
1817	374
3284	156
3174	481
2765	805
2105	1078
773	1248
656	1413
949	1150
517	880
505	936
861	550
1601	648
2172	597
4001	371
4849	235
4474	70
4360	548
2408	998
1915	1187
1369	1477
886	1057
1444	684
1819	573
1715	302
1652	452
1100	686
1161	617
1475	631
1983	590
2634	287
1787	559
1572	512
1064	751
558	989
280	785
387	977
500	1029
349	896
436	841
326	706
235	431
235	345
363	460
773	442
1103	376
1103	665
1083	747
569	783
642	889
871	687
654	761
729	770
379	654
267	629
348	316
696	393
1091	458
974	390
893	627
470	537
NA	517
NA	706
115	713
379	683
544	681
732	769
1328	604
1064	825
1235	851
1070	1100
359	1376
359	1781
188	1712
309	1299
352	1269
892	863
754	892
610	1015
876	1000
336	959
622	913
622	1228
313	1376
313	1188
NA	1093
314	600
523	342
1505	292
1620	645
1335	899
1168	772
186	766
71	412
282	89
NA	10
NA	10
NA	10
NA	0
NA	0
NA	0
NA	0
NA	0
NA	0
NA	0
NA	0
NA	0
NA	0
NA	0
NA	0
NA	0
NA	0
NA	0
NA	0
NA	0
NA	0
NA	0
NA	0
NA	0
NA	0
NA	0
NA	0
NA	0
NA	0
NA	0
NA	0
NA	0
NA	0
NA	0
NA	0
NA	0
NA	0
NA	0
NA	0
NA	0
NA	0
NA	0
NA	0
NA	0
NA	0
NA	13
NA	37
NA	109
NA	147
227	178
273	257
347	539
310	956
120	1448
166	1696
92	1581
212	1165
212	629
120	357
211	358
675	402
675	402
946	370
855	295
602	317
602	338
331	690
331	899
154	1175
338	1176
338	1110
686	745
532	520
348	571
348	433
108	598
177	716
177	709
177	1019
213	1050
259	964
660	962
1062	463
1658	286
1820	372
2101	360
2192	354
2072	336
2063	62
NA	17
1808	155
1619	173
1750	272
933	399
1107	354
976	463
577	443
577	316
391	355
2006	218
2006	245
2811	280
3614	200
2390	344
2660	274
2455	376
1561	682
870	678
655	785
55	794
55	558
270	489
772	426
868	329
868	207
1040	548
571	856
589	1107
681	1174
407	1137
319	1026
322	956
230	1350
195	1630
501	1417
384	1362
384	1362
796	814
822	856
1841	675
1987	255
1792	172
1996	189
1664	317
1534	785
1888	764
2196	881
1509	1230
1878	1056
1393	1150
549	1522
630	1373
1027	1102
863	1481
1711	996
2234	671
1687	802
1924	366
1124	366
1072	582
1018	476
1125	511
1390	612
1528	392
2013	339
2749	355
2436	527
1894	707
1228	1209
300	1313
663	1219
515	1467
566	1301
414	1369
118	1095
118	667
176	295
923	72
920	278
953	281
1213	372
911	332
847	232
814	595
445	982
NA	1126
NA	1132
NA	808
NA	765
NA	862
51	789
84	1091
115	706
115	759
64	1111
NA	1223
NA	1536
92	1595
92	1503
92	1307
92	1494
NA	1535
NA	1538
137	1601
137	1190
393	880
393	1163
288	1058
288	1277
55	1278
55	780
NA	1270
58	1377
NA	1735
NA	1804
NA	1096
NA	631
NA	188
122	803
122	785
104	472
104	552
65	764
65	882
59	947
59	1621
NA	2243
NA	3053
NA	4226
NA	4272
NA	4306
NA	3947
NA	3012
NA	2143
NA	1313
NA	1142
NA	1253
NA	1478
132	1505
133	1139
133	1170
133	1063
NA	1445
NA	1362
254	788
285	582
285	187
298	253
50	263
NA	660
156	674
137	524
137	514
137	389
80	339
80	648
597	666
772	484
827	423
1026	137
509	209
966	233
1342	258
1189	539
1437	522
805	435
294	541
440	556
192	756
265	875
912	856
1184	558
1369	295
1296	160
708	61
NA	34
NA	25
457	80
745	110
639	110
347	109
NA	43
NA	0
NA	0
NA	0
NA	0
NA	0
NA	0
NA	0
NA	0
NA	0
NA	0
NA	0
NA	0
NA	0
NA	0
NA	0
NA	0
NA	0
NA	0
NA	0
NA	0
NA	0
NA	0
NA	0
NA	0
NA	0
NA	0
NA	0
NA	0
NA	1
NA	31
NA	41
2531	215
1510	604
1131	711
513	768
363	744
592	702
383	741
489	735
1487	645
1405	487
1300	565
1463	609
465	979
438	1028
1072	793
1462	976
1462	838
1342	863
786	894
579	698
579	437
744	247
793	337
486	284
581	333
783	317
677	216
532	203
760	194
540	326
638	293
777	406
454	433
307	444
139	1174
308	1035
1199	937
2031	736
NA	42
2447	172
2149	176
1871	229
1807	187
1927	177
1334	226
1538	191
2089	258
2687	329
2749	563
2027	858
964	800
230	889
405	821
487	508
487	1112
355	910
188	1459
70	2062
70	2373
70	3024
NA	3450
NA	3331
NA	2657
NA	2165
NA	1536
NA	1687
NA	1788
NA	2435
NA	2453
NA	2564
NA	2555
NA	2064
NA	1647
NA	999
NA	1197
NA	1381
NA	1995
NA	2613
NA	2289
NA	2308
NA	1685
NA	1100
NA	920
115	637
215	680
215	692
613	776
498	762
527	774
599	659
526	455
526	527
397	797
325	887
85	1090
170	1108
466	808
466	1031
381	934
296	951
431	1139
660	990
709	1375
762	1310
331	1323
102	1389
53	1389
NA	1422
NA	1605
NA	1540
120	1301
245	1072
738	837
938	638
1191	371
1647	417
1411	197
1211	302
1272	260
1446	218
1962	214
NA	37
1638	65
NA	36
NA	36
NA	28
NA	0
NA	0
NA	0
NA	0
NA	0
NA	82
402	108
656	118
1024	358
1580	360
2314	334
2760	419
2920	181
2934	208
1910	435
1210	718
682	872
199	1153
124	1287
124	1291
413	1299
726	1160
756	1066
873	793
584	955
184	748
117	635
NA	577
276	437
933	391
1323	264
1327	638
1137	583
511	753
178	794
554	419
1013	315
982	409
1006	405
1141	376
737	479
737	215
1789	159
1355	385
1729	309
1998	335
2032	372
2081	207
1668	275
1717	310
767	435
588	601
1197	551
926	626
807	512
1630	287
1494	309
1447	217
1715	236
1048	339
1447	456
1765	587
1437	591
1454	863
529	1205
211	1323
356	1359
1323	961
1940	458
2465	182
2826	69
2424	69
2305	429
1911	541
1639	655
904	729
2299	319
2568	297
2428	195
2574	179
681	778
658	801
835	866
800	999
1482	641
1381	847
1156	932
1042	1044
432	885
156	606
72	760
230	526
158	656
229	836
229	818
71	1314
192	1401
121	1572
121	1847
121	1360
363	1110
381	790
506	246
566	748
395	1116
597	1418
472	1705
412	1704
298	1590
78	1468
78	1352
78	918
NA	873
NA	649
265	480
265	478
265	226
265	182
NA	149
411	776
221	1037
603	985
423	1281
423	1100
423	1220
NA	1190
NA	1169
NA	1373
164	1177
229	1321
242	1533
335	1256
171	1216
106	1392
677	937
692	1196
728	1630
782	1540
198	1584
90	1406
201	1005
699	707
981	876
1405	944
1365	615
813	597
531	303
NA	1
NA	0
NA	0
NA	0
NA	0
NA	0
NA	0
NA	34
1882	87
2343	107
2241	206
1198	176
1104	476
802	536
282	583
215	765
901	442
742	727
1093	675
1093	503
446	533
638	253
585	313
997	324
1454	315
1262	329
978	326
964	495
543	717
543	759
1234	640
1063	561
1055	310
1127	262
564	349
981	237
994	285
1252	310
1696	307
1118	532
1202	510
1062	441
780	332
1326	106
1368	221
1855	242
1838	290
1459	337
1607	256
930	274
643	292
603	307
193	305
193	254
287	650
248	816
718	891
1154	1010
1763	629
2069	420
1599	929
1163	1242
1734	1235
1328	1504
1371	966
1371	906
386	1195
384	949
486	866
486	652
197	282
784	308
1388	341
1455	247
1545	394
987	336
531	367
756	310
882	327
886	522
636	798
344	988
285	951
200	1056
391	878
443	691
286	576
414	542
932	608
1233	644
1287	671
1512	498
971	295
838	588
1379	707
1117	912
906	889
1132	551
628	481
537	238
537	459
191	479
166	420
166	538
849	481
868	562
992	768
992	819
410	745
291	794
101	830
101	892
189	978
300	915
300	864
300	1188
111	1309
NA	1540
151	1542
151	1214
151	1549
151	1639
346	1555
606	1433
662	807
662	361
316	223
56	51
NA	618
NA	801
NA	988
NA	1151
61	906
168	673
205	583
223	531
314	577
266	727
229	783
211	631
59	678
93	604
93	448
459	507
645	329
552	403
747	331
387	349
265	434
535	345
404	398
439	351
375	478
105	567
133	595
150	802
312	713
479	697
387	649
435	506
348	468
181	556
181	615
391	542
808	478
963	250
1391	258
1548	199
1100	285
1531	350
1618	556
1721	540
2497	444
2800	364
NA	13
NA	11
NA	0
NA	0
NA	0
NA	0
NA	0
NA	10
652	165
871	399
871	522
417	870
359	1397
198	1278
198	1234
101	1106
285	454
464	423
464	434
529	604
1095	657
1029	641
1029	801
1150	561
525	509
1153	453
1888	203
NA	46
2285	220
1486	284
851	308
268	417
359	225
359	256
259	373
179	368
719	367
1318	318
1353	326
1658	393
1353	549
754	722
719	623
378	481
NA	584
NA	408
125	403
125	488
142	389
200	452
151	501
320	521
693	550
670	717
594	955
585	1223
195	1127
160	954
160	840
106	551
106	700
106	847
137	1128
NA	1152
NA	981
140	927
201	755
383	702
560	698
451	521
359	194
177	107
NA	28
152	1221
156	1081
184	1207
146	1098
177	1161
242	1368
502	1125
446	1027
415	1103
288	960
77	1019
77	938
247	652
247	865
181	969
403	1072
405	1170
437	1052
1011	935
1430	871
1310	1102
1278	1306
693	1374
597	1293
658	876
827	398
922	592
515	670
813	947
706	1059
611	715
634	689
1519	366
1504	473
1628	531
1467	569
465	806
709	788
694	794
694	832
400	1013
109	799
65	661
65	744
157	510
1210	476
2016	428
2044	233
2084	79
1725	125
961	291
1013	324
1238	352
1344	329
1474	341
1773	712
1502	1115
748	1295
706	1427
327	1377
472	1003
1032	804
837	554
837	508
606	971
NA	1139
NA	1239
NA	998
146	495
251	476
251	589
251	688
105	929
67	1092
67	1126
137	918
137	676
70	785
383	592
313	753
313	942
313	736
NA	629
NA	990
174	871
417	853
472	850
472	595
298	898
55	1197
84	1277
175	1412
175	1153
175	684
274	708
183	752
183	708
259	712
76	751
188	440
251	438
175	662
499	875
387	1012
324	1370
395	1265
71	992
71	817
745	395
674	315
719	472
719	432
148	423
373	349
501	194
682	228
579	345
354	582
195	717
97	725
1219	570
2052	362
2292	317
2893	213
2435	234
1747	333
1559	290
980	577
316	631
234	572
168	590
105	534
144	640
426	722
907	670
911	951
1227	837
1140	701
659	1125
711	824
828	1113
616	1373
1487	845
1914	737
1534	394
1546	196
990	214
465	325
446	493
438	613
168	788
168	782
95	830
439	728
614	535
614	472
667	487
273	503
53	639
203	494
670	247
1252	193
2506	58
2763	151
2639	153
2328	148
2196	150
1789	129
1393	219
1395	355
724	368
724	303
724	211
487	55
284	84
284	77
284	77
NA	45
NA	0
NA	0
NA	0
NA	0
NA	0
NA	0
NA	0
NA	0
NA	0
NA	0
NA	0
NA	0
NA	0
NA	0
1158	50
1112	50
1397	178
2005	262
3067	239
2821	260
2398	178
1947	387
954	374
745	381
527	439
224	265
319	309
319	323
471	417
485	324
521	295
594	331
501	379
347	423
264	486
715	463
705	252
1923	236
1836	361
1528	459
1763	457
545	439
555	363
339	216
137	229
459	321
451	291
451	286
855	485
533	525
518	583
598	619
112	420
468	325
541	160
860	295
1295	328
1133	310
1360	1110
1067	1207
1684	1128
1606	1550
1274	953
2715	737
2197	746
2313	476
2940	296
1918	300
1430	323
1198	217
689	211
232	230
779	232
1101	259
1062	529
1452	500
2054	513
1732	499
1909	305
1600	488
405	592
437	620
335	555
192	379
192	232
160	488
NA	783
220	783
220	994
220	798
1386	493
2326	447
2945	312
3181	223
2305	410
1257	554
844	518
884	435
1315	251
1740	124
1912	144
1782	142
1119	306
582	615
405	775
335	748
393	607
497	284
715	195
959	260
843	278
934	389
793	294
1082	275
1082	224
971	221
1763	261
1817	339
2048	431
2030	339
1128	316
533	211
379	188
798	162
630	181
993	261
1203	221
807	390
877	328
446	339
1122	449
2816	287
3348	313
3348	232
2385	155
750	175
148	448
605	569
658	591
794	629
1032	461
842	341
894	289
926	223
688	120
712	231
607	217
384	352
384	497
176	495
519	501
472	479
632	317
1027	186
973	183
927	83
767	316
373	337
139	738
383	789
1310	629
1226	929
1171	518
1047	631
1181	581
1181	467
1231	843
1111	1145
204	1246
287	1112
433	780
1009	348
996	351
999	321
886	416
1176	488
1261	358
1516	406
1725	316
1446	253
1228	453
1400	463
1573	388
1401	379
1510	342
1160	244
1327	308
1117	294
1207	191
1210	356
1378	322
1173	289
2133	233
3400	59
2600	79
3651	113
2749	121
1748	118
1957	88
1959	87
1970	118
2060	142
2039	173
1021	177
745	271
317	325
368	274
762	243
1693	89
NA	28
1596	156
1633	178
1048	173
1214	258
1721	232
1665	207
1987	225
2092	401
1612	320
1887	358
1855	490
1995	284
2355	341
1936	312
1300	418
1303	367
1386	303
1941	291
1941	183
1580	506
874	640
53	935
194	1262
227	931
411	1188
867	1026
932	727
1032	958
848	713
565	580
826	447
778	289
778	298
605	376
138	885
65	958
65	883
1644	832
1703	345
1683	289
1868	275
326	522
267	654
426	698
286	921
407	796
407	786
874	656
1140	432
1027	383
1104	260
697	329
590	280
545	345
468	495
204	536
NA	733
146	617
227	593
830	589
1117	463
971	584
994	416
391	296
173	249
561	160
670	319
670	323
768	425
380	667
817	555
883	619
1005	665
1095	467
622	584
563	732
1033	830
1031	792
1006	901
999	993
240	951
152	1102
NA	882
204	873
204	967
230	1031
390	1319
480	1089
480	1233
454	1532
360	1704
140	1828
140	1608
560	1156
637	689
563	493
563	217
143	68
82	806
82	982
108	775
701	714
861	729
861	830
886	1155
211	1382
51	1402
262	1425
211	1259
211	1109
397	909
186	599
283	514
283	653
97	731
229	969
132	1081
132	936
132	930
187	680
246	671
729	794
1027	642
1161	593
1199	448
716	499
418	662
175	974
93	986
262	796
397	1088
322	791
1171	697
1002	760
867	569
1150	661
483	746
1129	797
1421	685
1135	731
938	724
694	686
475	721
705	812
1085	676
1841	522
2696	327
NA	49
NA	44
NA	15
NA	0
NA	0
NA	0
NA	0
NA	0
NA	3
NA	3
1248	56
1336	276
1171	273
1341	286
2055	233
NA	24
2890	82
2482	76
1771	84
1405	122
759	449
526	810
676	880
471	971
222	602
222	321
NA	493
1039	479
1361	561
1417	602
1417	554
452	655
198	664
222	708
546	675
1135	473
1617	444
1537	605
1213	923
550	995
471	1232
534	1196
534	1259
1418	1196
1016	1050
1176	1308
1199	1088
656	1203
587	1421
599	1052
681	1010
406	1083
406	1055
187	1044
82	869
NA	944
NA	846
NA	944
NA	1115
198	1034
198	1401
348	1404
363	1395
165	1414
165	1045
NA	965
NA	777
NA	738
NA	1076
206	997
242	1146
242	1097
357	857
292	861
256	625
256	478
112	121
NA	0
NA	0
NA	0
NA	0
NA	0
NA	0
NA	0
NA	0
NA	0
NA	0
NA	0
NA	0
NA	0
NA	0
NA	0
NA	0
NA	0
NA	0
NA	0
NA	0
NA	0
NA	0
NA	0
NA	0
NA	0
NA	0
NA	0
NA	21
81	585
81	878
159	1459
159	1565
78	1665
78	1605
NA	1465
NA	1428
NA	932
76	874
76	686
121	772
192	825
116	1071
116	982
253	1174
182	1029
182	872
182	1007
206	877
342	845
586	719
586	584
467	591
331	882
87	963
87	1025
121	902
185	625
364	406
715	492
638	634
808	740
914	1047
563	940
519	984
429	1096
534	917
835	808
991	773
1052	687
662	694
386	843
323	668
177	742
365	1148
886	950
814	1098
1188	1107
1000	871
838	974
890	991
457	1134
457	1005
100	1218
NA	1331
NA	1291
108	1330
185	1380
589	1258
793	1279
712	1243
1004	1045
600	883
424	595
487	423
91	208
91	116
NA	7
NA	0
NA	0
NA	0
NA	0
NA	0
NA	0
NA	0
NA	0
NA	0
NA	0
NA	0
NA	0
NA	0
NA	0
NA	0
NA	0
NA	0
NA	0
NA	0
NA	0
NA	0
NA	0
NA	0
NA	0
NA	0
NA	0
NA	0
NA	0
NA	0
NA	0
NA	0
NA	125
NA	602
57	852
57	878
1126	756
1126	534
1069	414
1177	395
822	517
822	262
1039	544
931	627
217	639
365	965
498	698
1447	778
1447	761
1336	525
986	761
NA	760
177	967
140	1318
140	1026
997	857
1281	553
1563	147
2095	83
1847	201
1807	213
2052	178
2037	165
1559	331
1175	348
706	554
189	862
309	690
745	730
1017	703
1655	451
1462	506
1204	695
874	1069
515	1094
810	967
988	823
1062	475
932	426
1337	428
1591	292
1863	93
2464	96
1764	274
1260	418
914	769
441	843
407	850
301	1007
301	975
NA	888
NA	963
80	872
80	1022
157	1348
151	1389
77	1514
77	1432
111	1247
111	1055
111	724
111	331
NA	156
NA	2725
NA	2444
NA	2840
NA	2543
NA	2423
NA	1962
NA	2100
NA	1895
NA	1844
86	1951
86	1192
86	1114
86	1213
NA	1355
NA	1375
NA	1323
NA	781
209	953
175	969
402	892
551	1008
1063	569
1267	520
1128	695
1046	1069
720	1337
532	1485
1320	1366
2050	830
1915	964
1988	872
2155	639
2492	631
2393	185
2570	70
1619	363
1206	419
1124	436
858	447
832	488
111	1063
66	1357
66	1400
564	1170
564	715
615	830
615	992
51	1152
183	1267
278	933
278	819
695	564
677	387
926	313
995	430
578	788
597	926
202	1239
133	1683
133	1622
395	1545
395	1535
699	862
943	741
1285	692
1598	491
1433	440
1418	271
882	178
745	159
606	286
1001	299
800	336
1109	336
1592	339
1403	451
1667	515
1541	476
1065	388
630	391
1496	336
1137	300
1448	289
1775	167
1118	129
1711	247
2329	216
2046	322
1862	390
1703	302
801	441
1641	313
2145	204
2237	140
NA	1
NA	2
NA	2
NA	1
NA	6
NA	5
NA	10
NA	10
2900	50
2232	61
1806	440
1165	668
469	721
97	1028
NA	973
170	906
555	820
740	671
1448	363
1716	309
1784	308
1599	268
891	573
453	1139
61	1287
122	1352
122	1604
122	1076
61	1165
106	1104
155	643
155	891
227	1342
121	1639
72	1890
72	1525
NA	1337
316	939
421	875
421	1160
445	709
174	768
69	559
223	285
199	398
198	932
198	981
NA	1499
NA	1705
NA	1230
NA	1473
NA	1036
146	815
322	697
322	310
414	223
268	438
164	497
206	702
684	823
769	471
1400	401
1705	218
1289	117
2809	96
2251	300
2714	295
3453	287
2181	380
3544	155
2831	153
2604	108
3030	57
2241	99
2376	84
2013	84
2079	66
NA	29
1450	97
1833	97
1612	134
1908	129
3327	72
3174	72
NA	11
NA	11
NA	0
NA	0
NA	0
NA	0
NA	22
NA	26
NA	26
NA	28
NA	48
2007	193
1978	193
1531	314
1657	415
1424	355
1894	446
1248	391
2014	293
2184	338
1430	491
2307	430
1316	398
1370	361
1573	156
712	150
857	292
821	325
683	368
1368	406
1353	278
1165	180
1231	218
530	271
360	470
930	541
941	593
1513	521
1513	356
1106	313
2120	232
1580	403
2058	531
2072	609
868	603
778	426
653	374
736	335
1578	357
1744	586
1391	522
1566	504
690	568
507	513
576	446
382	508
633	475
817	355
1555	391
1779	254
3168	122
3824	91
3347	91
3374	133
1994	340
1148	362
1070	386
578	573
513	490
818	450
749	594
1132	594
1240	636
1019	936
1611	814
1818	622
2184	457
2539	333
2177	368
2049	409
2122	499
2057	323
1960	356
1897	304
1282	245
862	285
1152	218
1353	279
1226	574
1253	651
1531	656
2338	564
2679	245
2723	146
2039	65
1468	222
1395	390
2019	532
1819	679
1184	840
916	779
790	712
924	696
987	393
1066	528
477	697
610	735
422	794
395	562
467	320
827	203
907	317
855	293
1018	325
545	325
664	201
905	344
670	558
1016	635
1009	795
815	841
964	606
642	503
857	302
1022	164
977	225
799	249
692	256
1233	254
1445	273
1508	276
1132	560
1312	563
1654	627
2702	664
3355	352
2552	347
2215	183
1324	229
1595	231
1760	194
2096	210
2007	75
1827	132
2764	126
2915	124
4097	112
4039	103
2807	99
2261	145
1503	255
1327	203
1327	298
1358	254
847	204
500	285
725	257
448	351
993	330
830	364
682	513
944	593
565	785
690	919
734	810
456	846
246	664
348	812
349	904
426	1034
644	1010
510	698
388	682
482	307
264	323
322	309
658	299
702	426
1060	480
1451	440
1855	268
2003	153
1645	270
1210	661
974	773
888	1097
967	931
860	732
479	802
430	534
427	814
480	1090
398	1173
208	1272
132	1109
79	983
162	1036
165	1264
239	1590
239	1478
115	1456
272	1479
253	1086
362	1031
471	867
273	530
218	873
109	998
125	1522
338	1500
338	1126
654	918
1336	438
1123	536
1123	490
807	366
NA	189
NA	21
706	645
688	773
688	733
688	742
357	821
80	730
109	1034
282	1729
282	1939
202	2329
173	2152
NA	1687
NA	1459
NA	1299
NA	1271
NA	881
NA	603
639	347
787	344
909	610
865	686
399	832
324	607
955	457
1127	559
998	618
1015	889
648	1025
670	884
733	892
643	906
341	850
569	874
779	708
779	363
2047	181
2004	242
1848	273
2397	348
1045	800
703	926
748	1182
471	1187
797	723
760	637
598	529
372	836
63	997
63	1249
63	1149
645	838
720	1093
720	953
887	929
284	966
648	725
648	452
481	422
546	306
494	267
941	308
1364	306
1608	411
1278	364
2429	300
3163	337
3454	257
3741	428
2689	465
1532	495
1475	612
1199	577
653	812
686	816
149	848
64	645
639	439
733	731
702	873
752	948
376	1210
470	885
681	649
831	627
1392	304
1210	205
1614	179
2134	128
1662	159
2104	185
1625	302
1098	439
1188	535
1015	605
1856	429
1663	266
1285	128
NA	0
NA	0
NA	0
NA	0
NA	0
NA	5
NA	8
949	55
1660	152
1975	268
1411	451
1207	536
1193	471
751	515
924	389
891	533
367	698
414	681
1025	934
1330	882
1328	727
1461	685
1107	449
973	277
856	271
721	253
552	387
703	353
915	317
870	229
923	58
717	61
980	137
980	224
831	332
1051	352
1122	449
1639	420
1980	505
1744	710
1981	648
1939	674
1640	631
1991	410
1399	353
1020	608
813	436
686	479
648	497
569	351
569	460
327	616
373	683
794	528
1648	496
1545	512
1409	451
1323	466
671	551
1445	435
1783	438
1596	484
1551	383
1416	266
961	311
796	457
743	537
607	794
704	1058
704	1039
1000	1088
1680	830
1672	700
2063	613
2172	405
1115	431
1273	295
882	454
484	607
478	603
231	544
350	275
696	191
752	237
851	492
873	559
625	516
696	497
643	210
502	210
722	246
475	214
429	377
574	342
1492	280
1947	262
2565	76
NA	31
4136	81
4189	357
4239	488
2940	495
2023	593
1913	363
1370	365
567	635
775	646
1172	740
1343	797
1608	801
1356	703
715	585
942	419
1057	216
2302	201
2881	233
2674	290
2748	196
1628	181
1119	237
1156	197
745	372
770	650
546	656
671	688
931	519
1172	406
1388	435
915	687
838	726
605	596
389	497
1476	374
1573	540
1896	688
2060	735
1278	590
1069	813
588	787
488	868
648	888
663	715
1027	659
1028	545
742	553
952	589
2305	466
3257	479
3183	503
3127	247
1568	291
551	281
441	226
679	353
521	707
616	652
954	631
1168	463
1680	132
2010	229
1714	275
1090	281
1029	212
674	314
1173	299
1237	370
845	438
922	379
566	360
391	288
643	214
525	410
344	576
850	739
637	779
725	655
721	654
343	506
426	790
323	869
973	676
892	790
767	570
925	367
356	452
968	327
912	251
1176	171
1681	64
1639	64
2211	53
NA	32
2633	190
2016	460
1444	713
825	742
487	660
628	595
671	439
493	411
1597	376
2100	304
2286	290
3281	289
2902	262
2508	345
2830	363
1956	486
1206	942
956	801
488	770
229	1029
190	808
190	875
254	1071
254	758
147	534
395	385
576	170
997	251
1210	293
962	417
757	624
424	518
358	652
358	654
579	443
491	501
621	490
621	660
532	722
552	744
318	676
318	442
183	386
163	316
188	232
624	212
504	226
844	346
1725	307
1289	374
1289	290
1016	329
211	517
211	558
313	609
246	430
102	329
102	324
160	332
160	511
160	426
433	388
351	485
492	370
587	510
369	418
494	514
431	448
336	462
377	585
174	590
96	1014
96	1494
61	1785
96	1805
142	1760
142	1478
150	1327
115	1485
299	1192
299	1058
230	1317
263	1169
NA	1242
NA	1359
93	979
136	1073
136	1320
417	1159
357	1207
281	825
281	387
164	986
NA	1238
NA	1809
95	1734
191	1787
277	1939
277	1769
272	1651
195	1203
109	767
397	538
307	694
422	848
422	1016
621	1045
694	1041
658	948
1063	813
664	1002
591	1018
493	1023
945	878
1197	543
1523	469
1523	476
666	718
326	908
147	737
265	544
384	372
384	346
332	482
470	625
351	763
351	533
256	643
174	507
721	348
890	446
1322	227
1261	378
922	410
1400	581
1419	581
1766	441
1787	529
1140	480
757	648
528	1224
299	1267
299	1074
773	1057
542	486
653	314
949	301
668	158
924	176
1264	177
984	412
770	848
514	1027
297	1121
281	1045
407	569
552	712
334	634
334	807
268	968
298	664
384	1107
848	962
792	805
895	932
793	725
329	957
278	1108
229	1002
723	892
1312	516
1412	514
2627	429
2455	262
2392	210
3383	62
2929	57
3245	105
3585	76
3445	125
3115	125
2477	61
1611	61
NA	0
NA	0
NA	0
NA	0
NA	0
NA	0
NA	14
NA	21
1756	69
1339	105
751	148
1507	192
1146	234
1146	303
1356	587
1487	608
1541	599
1625	998
1819	700
1098	711
1091	656
1180	195
602	287
268	276
230	384
541	383
1622	248
2243	261
2372	186
2314	146
1844	328
1510	333
1779	516
2067	610
1836	447
2197	381
2563	203
1849	453
1469	523
821	563
128	736
128	523
128	530
318	518
190	281
190	148
205	52
462	140
515	270
715	512
1507	554
1142	710
1089	1027
889	1004
970	1103
1576	807
1865	602
1865	631
977	766
400	999
451	843
934	724
934	517
1145	295
873	415
661	383
722	626
637	713
569	673
298	877
366	816
129	1144
230	1152
332	1018
375	890
859	464
902	359
1100	245
1062	266
1036	266
1329	293
1385	275
1531	147
1990	171
1896	86
1807	90
1727	182
937	316
966	322
964	321
764	257
876	116
1579	99
1788	241
1982	480
2365	558
1386	658
1294	775
1878	582
1515	500
1689	445
1655	340
1109	288
1089	285
1398	282
2038	101
2754	63
3176	75
2597	124
2975	113
2414	214
1867	233
1960	337
666	363
395	335
987	299
894	170
1168	338
1052	378
346	502
346	1124
615	981
865	935
1092	964
1092	397
477	383
291	552
64	623
64	724
256	1213
285	1332
858	1154
858	1053
880	528
1135	323
562	509
720	809
506	965
158	877
464	892
489	690
645	854
645	850
600	730
755	690
599	447
686	415
425	524
188	345
188	406
715	412
715	217
639	427
639	696
NA	751
85	869
147	755
147	716
732	665
733	635
851	599
851	289
485	299
744	184
1410	225
1410	227
1433	181
2101	162
2361	227
3003	216
3261	419
2273	764
1207	1243
999	1298
820	1294
957	1057
943	503
578	431
370	326
233	301
965	210
1528	188
2148	136
2612	54
2034	465
1988	482
1830	505
2075	561
1941	293
1355	538
780	723
254	790
406	822
782	607
836	509
874	452
793	380
710	441
656	387
660	377
627	408
481	379
1094	355
1196	489
1187	655
1040	825
634	1292
307	1272
278	1160
460	1041
382	531
594	583
1092	400
1005	581
1503	565
1495	467
1030	537
935	243
480	336
370	315
697	249
763	328
888	308
794	417
397	551
490	1105
193	1153
583	984
829	892
980	348
980	293
713	342
633	344
323	319
323	259
200	302
NA	522
NA	550
NA	788
NA	910
NA	903
NA	1092
NA	1056
56	1155
272	1072
272	1341
1074	1329
1378	1116
1425	1313
1534	974
772	989
524	1109
570	1198
461	1232
421	1120
309	1043
NA	870
70	654
446	619
869	633
870	418
800	561
465	706
NA	712
84	692
179	873
405	954
405	872
362	811
267	430
96	1004
814	1242
718	1185
775	1482
807	1819
268	1645
455	1663
398	1061
366	811
325	849
138	1027
249	1110
319	1001
841	1042
1046	610
935	532
1021	414
361	440
156	523
444	753
391	1065
391	914
596	1069
308	1199
298	894
298	1146
141	1198
141	779
576	903
625	837
577	685
615	718
505	561
807	387
1053	224
1051	276
633	307
365	408
252	381
216	570
216	576
200	691
207	885
207	808
288	863
288	738
283	604
343	639
572	495
1705	378
2259	311
3108	96
3492	110
3417	89
3844	87
3559	102
4617	188
4869	228
5060	309
5508	459
4146	348
4183	481
3862	503
3221	385
2831	647
1860	695
1826	768
1936	751
2411	599
2174	385
1456	556
915	537
1513	861
2047	988
1881	831
1907	1246
834	885
94	790
56	1038
348	811
690	774
690	972
940	581
999	410
882	557
1072	412
1784	533
2759	470
2566	469
2480	387
1846	446
684	531
1088	479
1641	506
1367	298
1856	218
1644	173
1197	230
1649	223
1029	238
860	328
884	279
463	430
820	515
1139	409
1259	468
1144	438
1037	501
953	517
1047	458
1414	330
1383	178
1364	84
NA	22
NA	17
NA	0
NA	0
NA	0
NA	0
NA	0
NA	0
NA	0
NA	4
NA	20
2952	122
2305	198
2439	275
2134	272
2098	238
1836	314
1913	320
1357	386
1030	344
1229	235
991	218
1511	144
1467	145
1695	164
1623	164
1904	225
2100	288
1609	383
1800	315
949	271
574	365
529	226
258	237
415	289
587	132
1159	122
2148	170
2407	173
2235	176
1742	208
1189	176
837	199
1955	205
1717	282
1675	331
1702	356
1441	332
1839	267
1797	225
1992	168
1849	277
1655	272
1385	316
1414	278
999	245
1391	210
1975	130
1561	259
2350	211
1806	273
1253	624
1691	485
875	620
823	560
710	476
272	626
153	696
210	708
385	527
645	366
1042	148
985	162
850	149
1181	304
631	277
1223	264
2326	219
2208	64
3112	95
2520	174
1740	168
1267	210
521	233
634	208
363	202
2064	280
2139	328
2026	464
1934	459
506	379
628	426
628	309
1272	300
1582	257
1418	463
1418	498
1338	637
1121	938
1012	908
1115	1094
832	1001
961	809
1401	491
1730	300
1677	505
1838	454
1827	480
1395	416
1346	305
1339	246
917	248
1214	219
1447	88
1067	89
978	61
681	161
698	186
1107	193
1644	335
2343	242
2968	212
2793	322
2835	180
2136	219
1142	247
1178	146
599	227
1109	164
1089	157
550	308
781	325
409	453
369	617
369	744
489	825
351	812
1503	638
1835	360
1897	315
2276	284
1319	375
1560	386
1292	502
960	677
866	736
405	779
329	991
450	843
492	1006
568	1091
499	770
465	829
446	870
733	1121
971	1095
837	1186
837	983
445	674
457	679
457	721
333	895
853	1050
851	1266
1446	989
2571	647
2135	422
2289	161
1981	161
967	251
909	592
564	996
277	1169
298	1247
189	1031
725	562
1527	343
2112	308
2222	219
2239	349
1627	576
910	692
800	876
190	1072
353	990
353	1228
389	1375
529	1138
265	1375
265	1035
364	894
224	1017
210	1015
210	1115
315	1089
392	970
317	836
351	879
111	819
126	714
126	778
479	501
814	417
844	570
1099	285
1114	325
853	364
731	391
476	608
155	796
191	777
747	1287
781	1195
700	1150
661	1200
105	680
71	784
71	1090
376	1552
376	1632
673	1740
680	1536
335	1336
528	1213
402	1055
590	859
559	438
366	306
195	102
NA	382
NA	408
115	370
115	812
115	832
194	1320
136	1707
136	1501
197	1590
213	1075
156	610
156	684
95	1260
NA	1430
NA	2062
NA	2037
NA	1450
101	1560
241	1332
241	1365
206	1634
140	1503
NA	1328
NA	1094
79	1275
79	1871
79	2031
79	2354
99	2206
228	1544
228	1737
328	1547
383	1675
376	1794
376	1469
346	1216
192	964
70	1130
70	966
111	1006
111	1383
111	1276
111	1488
89	1413
128	789
128	710
128	742
NA	792
113	951
113	854
673	737
1126	803
1346	638
1346	877
786	818
370	1042
NA	1165
NA	855
172	778
135	617
349	442
349	494
378	398
731	213
517	405
574	517
593	568
259	559
823	506
914	433
731	635
712	785
589	767
658	748
768	535
768	494
545	391
510	309
479	414
597	425
379	725
197	1038
454	873
336	988
708	684
1023	748
1017	785
1017	609
653	660
613	264
528	304
640	439
780	586
809	627
604	586
906	585
1064	399
1376	392
1530	690
1121	520
925	514
834	625
640	373
1051	566
1449	624
1617	576
1942	498
1526	502
1356	422
996	347
1532	370
1685	173
1541	143
1208	116
347	66
NA	0
NA	0
NA	0
NA	0
NA	0
NA	0
NA	0
NA	0
NA	27
NA	33
790	128
539	178
825	158
1658	152
2458	60
2463	88
2240	237
1329	325
301	627
253	605
1562	452
2403	366
2315	313
2315	323
939	578
152	657
252	405
561	339
572	125
595	96
592	96
283	96
327	135
434	106
337	133
338	136
1185	175
903	275
903	390
1136	614
313	529
313	541
313	564
79	485
NA	614
NA	869
NA	734
283	697
467	678
467	527
1677	497
1429	391
1637	250
NA	25
NA	38
2110	106
2779	199
2253	242
1785	391
1668	435
607	351
731	312
731	174
401	457
527	453
1392	440
1487	474
2014	143
2073	237
1122	376
1256	502
1143	548
1196	745
1103	737
971	666
557	598
319	340
285	244
348	320
782	338
1498	313
1529	298
1692	154
1368	104
652	461
433	490
110	445
663	430
692	424
807	856
959	932
1078	936
1049	863
934	700
812	1075
291	1086
447	1116
545	907
941	545
680	616
682	387
729	440
303	385
1049	308
1433	237
1288	555
1424	691
988	703
845	685
1505	202
1496	117
1221	181
822	253
614	326
581	266
896	259
1291	282
1377	231
2203	210
2370	248
3231	144
2693	218
2137	245
1767	159
584	303
741	220
617	275
566	309
1054	236
1100	464
1100	518
2113	454
1929	514
2143	304
1965	227
1007	265
1245	199
1314	230
1374	191
2060	217
1526	359
1319	489
1284	500
447	727
889	741
767	787
680	1083
974	797
597	576
624	380
747	347
1280	396
1186	501
1002	700
1071	474
369	593
331	615
331	457
139	634
NA	659
280	755
621	1014
880	983
1390	834
1425	863
1329	786
1070	630
1495	632
1185	499
1107	245
1317	282
487	605
907	615
1054	603
971	560
861	439
746	435
543	700
416	921
569	811
617	1276
506	1123
716	1031
643	967
290	577
527	585
561	575
482	696
529	663
292	669
NA	646
197	549
470	734
604	841
687	1070
796	1208
476	856
342	634
259	262
NA	88
NA	88
NA	76
NA	67
NA	0
72	2342
169	2306
97	2394
97	3852
97	5022
NA	6421
NA	7827
NA	6950
NA	5537
NA	4643
NA	3273
NA	2242
NA	1489
NA	1137
113	1202
113	1911
113	2044
113	2222
NA	2019
NA	1916
NA	2505
NA	1837
NA	1673
51	1744
51	1680
268	2032
268	2048
217	2169
264	2573
NA	2484
NA	2596
NA	2503
98	2016
98	2447
98	2619
98	2338
NA	2116
NA	1835
NA	1516
NA	1529
240	1272
240	1155
240	1515
240	1387
65	1433
183	1165
442	584
656	328
591	496
473	782
606	914
610	1082
812	1224
812	1097
900	920
682	958
501	607
741	459
475	569
475	453
454	460
214	656
NA	710
126	626
863	518
2018	394
2402	184
2776	125
2574	126
NA	17
NA	22
1771	113
1339	367
903	623
1489	611
1564	563
1633	366
1266	300
596	410
559	424
715	724
1062	599
1498	535
2471	478
2360	120
2013	53
NA	0
NA	0
NA	0
NA	0
NA	0
NA	0
NA	0
NA	0
NA	0
4538	64
3338	110
2454	144
2059	144
2829	106
4209	90
4303	65
4079	194
3081	352
1839	353
1595	589
1121	548
963	473
1153	452
988	377
1181	393
1516	315
859	615
1371	545
1284	818
1427	950
1312	779
1095	690
1265	395
1032	284
1351	391
1125	394
1200	478
928	668
682	452
726	541
491	434
631	262
1312	415
1109	525
1068	549
1389	717
1581	541
2361	328
2261	486
1800	336
854	551
201	653
127	633
423	581
1376	359
1249	583
1467	472
1340	566
513	674
684	615
1267	526
1098	876
1271	879
1344	634
1724	622
1829	205
1616	187
1372	188
528	246
423	183
819	146
978	137
641	364
750	529
343	582
317	697
829	436
1090	276
1107	256
1693	166
1476	137
1945	182
2290	96
2095	57
1800	53
NA	29
1402	126
2015	147
2162	147
1618	172
1284	161
147	152
259	159
284	170
688	219
987	266
897	339
1677	377
1426	453
1192	484
1023	488
998	578
1039	409
1057	649
1057	755
277	788
283	860
304	847
471	814
658	648
1264	531
2649	214
2857	57
NA	41
2093	279
677	861
433	1055
577	1036
577	941
610	521
2168	327
2046	468
2519	372
2578	276
889	365
688	531
612	655
447	619
931	623
1638	294
1649	187
2608	166
2480	174
2035	192
2216	178
1483	180
1127	157
1076	139
1179	104
1978	93
2099	88
2549	120
2266	108
1294	182
1173	424
462	436
692	565
1043	659
1199	627
1212	867
655	987
251	876
672	632
1074	387
1213	187
1231	270
654	245
239	261
NA	477
173	358
343	742
508	938
508	1343
813	1381
741	1377
717	1184
717	663
376	832
278	713
137	785
137	684
422	667
671	472
805	363
805	583
672	429
767	421
777	694
1276	467
1026	656
682	915
632	832
236	881
269	704
460	437
812	280
1130	222
1404	352
1295	530
902	885
580	1384
268	1397
186	1719
133	1516
965	1066
941	1113
989	914
989	1042
288	1118
352	963
304	905
361	607
152	506
224	477
224	170
167	134
146	75
NA	3302
NA	2900
NA	2783
88	2555
88	2132
88	2866
100	2494
NA	1978
NA	1944
95	902
158	822
217	1638
217	2121
134	2306
59	2112
NA	1740
265	1907
423	2046
457	2215
457	1962
309	1165
151	913
124	897
124	703
NA	1397
NA	1704
NA	1822
NA	2142
NA	1412
NA	1560
NA	1195
494	899
494	1364
494	1182
494	1280
211	1345
211	1195
211	1461
211	1213
NA	1305
NA	1215
NA	553
NA	549
NA	545
52	704
52	678
52	850
52	728
NA	630
NA	718
NA	774
NA	859
NA	975
NA	1355
431	1251
721	1224
779	957
779	484
739	333
449	207
391	100
540	332
220	560
261	711
1083	684
1657	481
1652	273
2025	115
1304	169
1157	279
1359	599
1862	630
2039	787
1463	828
1195	579
278	545
NA	333
NA	153
NA	0
NA	0
NA	0
NA	0
NA	0
NA	0
NA	0
NA	0
NA	0
NA	0
NA	0
NA	0
NA	0
NA	0
NA	0
NA	0
NA	0
NA	0
NA	0
NA	0
NA	0
NA	0
NA	0
NA	0
NA	0
NA	0
NA	0
NA	0
NA	0
NA	0
NA	0
NA	0
NA	0
NA	0
NA	0
NA	0
NA	0
NA	0
NA	0
NA	0
NA	0
NA	0
NA	0
NA	0
NA	0
NA	0
NA	0
NA	0
NA	0
NA	0
NA	0
NA	0
NA	0
NA	0
NA	0
NA	0
NA	0
NA	0
NA	0
NA	0
NA	0
NA	120
NA	256
NA	347
831	365
831	382
831	334
936	494
286	541
665	443
1465	447
1565	328
1889	367
1656	370
923	419
718	747
213	791
67	1061
NA	1144
NA	886
244	738
343	570
343	384
299	235
99	268
101	173
101	210
101	224
996	191
895	161
895	236
1172	181
421	308
421	555
523	767
711	778
1411	701
1411	547
1436	326
1029	601
265	829
692	826
1196	882
1217	630
1206	353
801	297
170	254
216	288
434	407
1640	354
1836	328
1741	279
2001	245
883	390
1477	292
1678	533
1532	703
1788	611
1060	623
1986	410
1619	234
1341	309
1501	389
705	378
1892	299
2082	197
1860	139
1505	131
424	191
270	259
743	249
737	293
1362	245
1438	207
965	760
2130	698
1572	840
1372	904
1429	400
317	860
110	992
110	1060
458	1067
655	632
972	468
986	449
754	457
863	465
546	598
574	487
671	518
1112	553
1263	487
1221	855
1179	829
583	809
549	626
549	365
384	692
180	798
334	823
379	676
425	397
486	398
312	586
351	697
772	526
711	493
676	527
685	752
785	821
889	869
1225	693
1877	407
2148	365
3089	211
3587	364
2967	618
2450	692
1760	671
911	728
1128	517
854	448
499	980
707	851
365	824
299	1261
299	944
123	867
229	1095
185	871
304	1034
225	1180
119	1036
119	1485
NA	1369
203	1379
203	1456
203	927
234	737
NA	599
NA	360
NA	195
NA	106
